22222222222220220222222244422422222222200002222222222222000000000000000000000000
22222222222222242244222222222242222022200022222222222222000000000000000000000000
22222222222222222222222222222222222022200022222222222220000000000000000000000000
22222222222222042222222224422422222222000022222222222220000000000000000000000000
22222222442242222222222222222244000000000002222222222020000000000000000000000000
22222222242242222222222222222440000000000000200022220000000000000000000000000000
42222222222222222222222202244444440000000000000000000000000000000000000000000000
42222222222222222222222222444444444000000000000000000000000000000000000000000000
22222222222222222222222244404440444440000000000000000000000000000000000000000000
22222222222222222222222400404466444400000000000000000000000000000000000000000000
22222222222222222222222400006666666440400440000000000000000000000000000000000000
42222222222222222222022400006644666644400040000000000000000000000000000000000000
42222222222222222222422444066444444660440444000000000000000000000000000000000000
42222222222222222222420444464444444060044404000004000000000000000000000000000000
22222222222222222222224444464444444466444404400444440000000000000000000000000000
22222222222222222222224004466444044446440000444444440000000000000000000000000000
22222222222222222222224444446444000446440004444440000000000000000000000000000000
22222222222222222224444444666040000006666664444400000000000000000000000000000000
02222222222222222444444444664444000000444466660000000000000000000000000000000000
42422222222222222244444444466666400000004404066666666660000000000000000000000000
42442222222222222224404444444446404000000404400000000066600000000000000000000000
42222222222222222224444044444446044000000000000000000000666600000000000000000000
22222222222222222244444444444406044400000000000000000000000600000000000000000000
22222222224222224444444444444406046600000000000000000000000600000000000000000000
22222202222222244444444444444206666624000000000000000000000666000000000000000000
42222222224224444444444444444224466622002200000000000000000006000000000000000000
22222222422244444444444444424224466222222244444000000000000006000000000000000000
22222422224444444444444444222224462222222244404400000000000006000000000000000000
22244442224444444444444442222020262224222444444444000000000006600000000000000000
22444422244444444444440442222024266222224444404444000000000000600000000000000000
22044422224444444444444442222024662222244444404440000000000000600000000000000000
22400442244444444444444422200026622222444444444440000444400000600000000000000000
24000222204444444422444422224666222222444444444440000444400000660000000000000000
22222202040444422222044224006642422222222224442444404444440000660000000000000000
22222440444444424422042226666442222222222222222244444444040006600000000000000000
22222244444422224422442226440442242442224242222222444440044006000000000000000000
22222220444422444442222666444042222422224224222244444440004446000000000000000000
22244022022224444442226644444444422222222222244444444444446666400000000000000000
22220002222244444442226224440444442222222444444444444400066444400000000000000000
22200002222404444446666222444444442222424400444444444406664440400000000000000000
22200000044404044466022222444444444244424000044444444446044444440000000000000000
20000004444440444440022220444444442224424404040444444466044444400000000000000000
22004244444444004440022200004444442422222444444444444460044444400000000003300000
22022224444444022440000000004400442422444440404444440660444400000000033333330000
22422224442222222440000000000000442442404440000000000600400440000000033330330000
22222224422222422200000000000000422240004400044000000644440044400000333330330333
22222224422222222220000000000001142222004000444400000644444444400000333333333333
22222244422022222220000000000111144442404000044404444644004444440003333333330033
22222222222222222202200000000111140422444000444446666644444444444003333330003333
22422222222222222222200011100011100422444000044666404444444444444333333330033333
42222222442202222222000111111111114222240000446640004444444444444334433333333333
44224224400002222240000111111111111112234400666444444444444440444333333333300333
44444444404004244440000011112111111112234444604444444444444444443333333033003333
44444444444444444400000011111111111112334440604444444044444444043333333333303330
44444444444044404400001110111111111110444440600044444444444440040043330333333003
44444444444044444440001111111111111114444444644444400444444444440043340333333300
44444444444444444440011111111111222244446666644444444444444444440033330003333300
44404444444444444141441111211111222244006444444004044444444444000044430003333000
44444444444444441111111111111111123246666444444444444444444444000440000033333300
44444444444444441111111111111111134226200444044444044444444444004444000003333000
44444040000444441111111111111111144666200004444444444444444400004430000000300003
44000000033344340041111111111166666602202244444444444444444440003334000000003303
44006660003333344411111211111661112222222204444443433344444444433334440000003333
00006660003333344221111111111611112222002200440443333333344440033334400000003333
04006660033322333222111112111621111222222000444433333343300003333333300000000330
44444466033322322211111111111622111222122000044443343333300033333333300000000333
44004406664422222211111112166622211221122200004033343304000003333333333000003333
44444440466662222221111111261222111111122000000333343300000033333333333003303333
44444444444462222221111111261221111111122333330333333000003333333333333003300332
44444444443362222221111121162221111111111120333333333400003333333333003333333032
44444244444366222221212226662222111122211122222333333300033333333333300333222222
24422244440226222222222226113301111121111111112333333000033333333333003332222222
22222224444226622222222666333331111122311111112033330000333333333333333332222333
22222222224200666622266623333331111111111111122033330000333333333333333322222330
22222222244222222622262233333331111111123111122222033003333333333333333332222222
22222222244222232662662233333331111111121111220223333303333333333333333322222222
22222222444422002262266333333311111111101111222223333300333333333333333222222222
22222222222222222266666333333333111112220211222223333300303333333333333222222232
22222222222222222222111111111111111122222111222323333333333333333333333222222232
24422222222232222222311111333111111111111111222223233333333333333333332222332230
